1,nstar=4 nobj=2:  [0 1] [2 3],binary-binary,-1.07305e+19,5.60807e+18,-2.5975e+13,1.07305e+19,-5.60807e+18,-2.73403e+13,2.1159e+20,-4.23315e+20,1.33572e+21,2.1159e+20,-4.23315e+20,1.33572e+21,2.42471e+06,4.63946e+06,-0.166633,-2.42471e+06,-4.63946e+06,0.0930236,-3.10965e+06,-4.86232e+06,1.30987e+06,5.43262e+06,218402,1.32341e+07,0.0736316,0,1,2.83411e-08,5.66822e-08,non-resonance
1,nstar=4 nobj=2:  [0 1] [2 3],binary-binary,-8.78646e+18,-8.37715e+18,6.79156e+16,8.51995e+18,8.55992e+18,6.79153e+16,-1.49989e+20,-1.26531e+21,6.22931e+20,-1.49989e+20,-1.26531e+21,6.22931e+20,-3.66147e+06,3.74132e+06,-0.0315871,3.66147e+06,-3.74132e+06,0.194376,-2.34736e+06,356967,1.82202e+07,1.39439e+06,-8.66855e+06,-1.41045e+07,0.0155593,0,1,3.06062e-07,6.12122e-07,resonance
1,nstar=4 nobj=2:  [0 1] [2 3],binary-binary,-3.6652e+18,-1.15396e+19,1.44457e+14,3.66467e+18,1.15396e+19,1.43926e+14,-5.50673e+20,-1.15882e+21,6.13964e+20,-5.50673e+20,-1.15882e+21,6.13964e+20,-4.98928e+06,1.58458e+06,-0.887898,4.98928e+06,-1.58458e+06,0.85546,-5.3038e+06,-1.49955e+07,3.40229e+06,-1.86899e+06,5314.52,4.6888e+06,0.0744014,0,1,5.95813e-08,1.19163e-07,resonance
1,nstar=4 nobj=2:  [0 1] [2 3],binary-binary,1.16812e+19,3.18552e+18,-3.87349e+13,-1.16809e+19,-3.18551e+18,-4.16901e+13,-1.15514e+21,4.54433e+20,7.01954e+20,-1.15514e+21,4.54433e+20,7.01954e+20,1.37729e+06,-5.05043e+06,-0.417755,-1.37729e+06,5.05044e+06,-0.207341,-1.37523e+07,2.74104e+06,3.99138e+06,-7.75787e+06,5.95083e+06,9.02917e+06,0.247756,0,1,2.24207e-08,4.48414e-08,non-resonance
1,nstar=4 nobj=2:  [0 1] [2 3],binary-binary,1.10266e+19,-5.00079e+18,5.73604e+12,-1.10266e+19,5.00082e+18,6.89657e+12,-9.12049e+20,1.69561e+20,1.07144e+21,-9.12049e+20,1.69561e+20,1.07144e+21,-2.16216e+06,-4.76748e+06,-0.313357,2.16216e+06,4.76748e+06,0.569311,-4.67476e+06,1.82304e+06,7.4803e+06,-3.35303e+06,-388687,1.84613e+06,0.462267,0,1,3.13757e-08,6.27515e-08,non-resonance
PARAMETERS:
m00=1e+07 MSUN  m01=1e+07 MSUN  m10=1 MSUN  m11=1 MSUN 
a0=7.84756 AU  e0=0
a1min=0.01 AU  a1max=1.2 AU   e1min=0  e1max=0
vinf=74032.2 m/s  bmax=1 pc  bmin=1 pc  tcpustop=1200
tidaltol=1e-05  abs_acc=1e-09  rel_acc=1e-09  ncount=1  fexp=3  seed=1  pindex=5
